function [X,V] = Initiate_xv

%无阻尼顶球固定：
X=[0,0,0;
     0.159561,-0.276369,0;
     -0.102632,-0.402322,0];
V=[0,0,0;
    0,0,2.249603;
    0,0,-1.446969];

%有阻尼顶球受迫
% X=[0.5,0,0;
%     0.08136484,-1.0179938,-0.18643026;
%     0.0416128,-1.2047187,-0.20386024];
% V=[0,0,-0.049907133;
%     0.0186084,0,0.008121372;
%     0.20386024,0,0.004153551];